   1.8467499e-02
   1.7852656e-02
   3.7864079e-02
   1.3033377e-02
   6.3584959e-02
   2.7450436e-02
   3.3871767e-02
   1.8831659e-02
   5.1231362e-03
   2.2686425e-02
   2.0266329e-02
   7.6399956e-02
   1.4934135e-01
   3.8439665e-02
   1.6322184e-02
   2.2099575e-02
   1.3389402e-02
   3.7307884e-02
   1.7171857e-02
   2.1659519e-02
   6.1066783e-02
   2.5388329e-02
   6.5432956e-02
   1.6599524e-01
   1.8119008e-01
   3.2292328e-01
   8.4115155e-02
   1.7638990e-02
   1.9555018e-02
   3.9586841e-02
   6.8976098e-03
   2.6346817e-02
   4.6026054e-03
   2.6128482e-01
   3.0966351e-01
   4.6339613e-01
   1.0114884e-01
   1.7816606e-01
   6.1720300e-02
   5.8510963e-01
   5.4738210e-01
   1.1474932e-01
   1.2180731e-01
   1.5737304e-01
   1.3211098e-01
   1.4035757e+00
   1.3139197e+00
   2.3760093e-01
   1.9498232e-01
   4.1326840e-01
   9.9300675e-01
   6.1893886e-01
   2.4376155e-01
   6.8331042e-01
   2.7404724e-01
   6.7218246e-01
   1.6648083e-01
   1.1719866e-01
   6.5707201e-02
   1.2110554e-01
